  0.000000000000000000000000000000000E+0000         100
  0.000000000000000000000000000000000E+0000         126
  1.562500000000000000000000000000000E-0002         160
  1.562500000000000000000000000000000E-0002         202
  6.250000000000000000000000000000000E-0002         256
  3.125000000000000000000000000000000E-0002         324
  0.156250000000000000000000000000000               410
  0.531250000000000000000000000000000               518
   3.57812500000000000000000000000000               655
   7.65625000000000000000000000000000               829
   18.4843750000000000000000000000000              1049
   39.4375000000000000000000000000000              1326
   83.8906250000000000000000000000000              1678
   180.796875000000000000000000000000              2122
