  0.000000000000000000000000000000000E+0000         100
  0.000000000000000000000000000000000E+0000         126
  1.562500000000000000000000000000000E-0002         160
  0.000000000000000000000000000000000E+0000         202
  6.250000000000000000000000000000000E-0002         256
  4.687500000000000000000000000000000E-0002         324
  0.109375000000000000000000000000000               410
  0.578125000000000000000000000000000               518
   3.64062500000000000000000000000000               655
   8.42187500000000000000000000000000               829
   19.0781250000000000000000000000000              1049
   39.4375000000000000000000000000000              1326
   84.2031250000000000000000000000000              1678
   182.125000000000000000000000000000              2122
