  0.000000000000000000000000000000000E+0000         100
  0.000000000000000000000000000000000E+0000         126
  1.562500000000000000000000000000000E-0002         160
  1.562500000000000000000000000000000E-0002         202
  4.687500000000000000000000000000000E-0002         256
  6.250000000000000000000000000000000E-0002         324
  0.140625000000000000000000000000000               410
  0.468750000000000000000000000000000               518
   3.54687500000000000000000000000000               655
   7.92187500000000000000000000000000               829
   18.3437500000000000000000000000000              1049
   38.6250000000000000000000000000000              1326
   85.1718750000000000000000000000000              1678
   177.046875000000000000000000000000              2122
