  1.562500000000000000000000000000000E-0002         100
  0.000000000000000000000000000000000E+0000         126
  1.562500000000000000000000000000000E-0002         160
  1.562500000000000000000000000000000E-0002         202
  6.250000000000000000000000000000000E-0002         256
  6.250000000000000000000000000000000E-0002         324
  0.125000000000000000000000000000000               410
  0.468750000000000000000000000000000               518
   3.57812500000000000000000000000000               655
   7.68750000000000000000000000000000               829
   19.0312500000000000000000000000000              1049
   38.9843750000000000000000000000000              1326
   82.3437500000000000000000000000000              1678
   179.812500000000000000000000000000              2122
